YEAR_MONTH,Herkunftsland,LS,ASYLANTRAEGE insgesamt,ASYLANTRAEGE davon Erstantraege,ASYLANTRAEGE davon Folgeantraege,ENTSCHEIDUNGEN ueber Asylantraege insgesamt,ENTSCHEIDUNGEN ueber Asylantraege Anerkennungen als Asylberechtigte (Art 16a und Familienasyl),ENTSCHEIDUNGEN ueber Asylantraege Anerkennungen als Fluechtling gem. Par. 3 I AsylG,ENTSCHEIDUNGEN ueber Asylantraege Gewaehrung von subsidiaerem Schutz gem. Par. 4 I AsylG,ENTSCHEIDUNGEN ueber Asylantraege Feststellung eines Abschiebungsverbotes gem. Par. 60 V/VII AufenthG,ENTSCHEIDUNGEN ueber Asylantraege Ablehnungen (unbegr. abgel./offens unbegr. abgel.),ENTSCHEIDUNGEN ueber Asylantraege sonstige Verfahrenserledigungen,ANHÄNGIGE VERFAHREN aufgrund von E Erstantraegen,ANHÄNGIGE VERFAHREN aufgrund von Folgeantraege,ENTSCHEIDUNGEN ueber ErErstantraege Anerkennungen als Asylberechtigte (Art. 16a und Familienasyl),ENTSCHEIDUNGEN ueber Erstantraege Anerkennungen als Fluechtling gem. Par. 3 I AsylG,ENTSCHEIDUNGEN ueber Erstantraege Gewaehrung von subsidiaerem Schutz gem. Par. 4 I AsylG,ENTSCHEIDUNGEN ueber Erstantraege Feststellung eines Abschiebungsverbotes gem. Par. 60 V/VII AufenthG,ENTSCHEIDUNGEN ueber Erstantraege Ablehnungen (unbegr. abgel./offens unbegr. abgel.),ENTSCHEIDUNGEN ueber Erstantraege formelle Verfahrenserledigungen (z.B. Ruecknahmen),ENTSCHEIDUNGEN ueber Folgeantraege Anerkennungen als Asylberechtigte (Art. 16a und Familienasyl),ENTSCHEIDUNGEN ueber Folgeantraege Anerkennungen als Fluechtling gem. Par. 3 I AsylG,ENTSCHEIDUNGEN ueber Folgeantraege Gewaehrung von subsidiaerem Schutz gem. Par. 4 I AsylG,ENTSCHEIDUNGEN üueber Folgeantraege Feststellung eines Abschiebungsverbotes gem. Par. 60 V/VII AufenthG,ENTSCHEIDUNGEN ueber Folgeantraege Ablehnungen (unbegr. abgel./offens unbegr. abgel.),ENTSCHEIDUNGEN ueber Folgeantraege kein weiteres Verfahren,ENTSCHEIDUNGEN ueber Folgeantraege formelle Verfahrenserledigungen (z.B. Ruecknahmen)
2017-01,Aserbaidschan,425,494,474,20,642,4,44,19,14,345,216,4573,314,4,44,19,14,336,193,0,0,0,0,9,14,9
2017-02,Aserbaidschan,425,237,223,14,781,9,45,35,15,406,271,4072,296,9,45,34,15,394,253,0,0,1,0,12,14,4
2017-03,Aserbaidschan,425,337,310,27,818,6,61,16,14,395,326,3644,290,6,61,16,14,387,294,0,0,0,0,8,25,7
2017-04,Aserbaidschan,425,192,179,13,685,8,60,16,31,415,155,3221,254,8,59,16,26,394,125,0,1,0,5,21,24,6
2017-05,Aserbaidschan,425,205,175,30,1144,11,131,38,25,753,186,2370,210,11,127,38,22,721,157,0,4,0,3,32,20,9
2017-06,Aserbaidschan,425,207,191,16,450,3,35,9,15,280,108,2178,183,3,35,9,13,262,88,0,0,0,2,18,16,4
2017-07,Aserbaidschan,425,279,248,31,616,1,27,5,15,438,130,1911,169,1,27,5,15,415,104,0,0,0,0,23,24,2
2017-08,Aserbaidschan,425,345,304,41,510,4,38,13,20,306,129,1769,170,4,36,13,19,288,103,0,2,0,1,18,11,15
2017-09,Aserbaidschan,425,247,187,60,414,0,24,1,8,236,145,1659,181,0,23,1,3,223,106,0,1,0,5,13,36,3
2017-10,Aserbaidschan,425,280,239,41,503,7,20,6,3,285,182,1490,163,6,20,6,2,273,134,1,0,0,1,12,32,16
2017-11,Aserbaidschan,425,266,226,40,559,9,37,12,7,300,194,1266,140,9,29,12,5,286,158,0,8,0,2,14,30,6
2017-12,Aserbaidschan,425,176,140,36,431,4,24,14,13,228,148,1072,132,4,24,14,11,221,106,0,0,0,2,7,36,6
2018-01,Aserbaidschan,425,238,202,36,535,5,17,2,22,285,204,850,85,5,17,2,22,269,144,0,0,0,0,16,50,10
2018-02,Aserbaidschan,425,138,100,38,388,0,13,5,5,236,129,662,93,0,11,5,5,233,105,0,2,0,0,3,21,3
2018-03,Aserbaidschan,425,149,108,41,387,2,20,8,3,200,154,490,90,2,20,8,3,192,119,0,0,0,0,8,29,6
2018-04,Aserbaidschan,425,179,149,30,252,0,11,2,6,133,100,469,90,0,10,2,6,121,78,0,1,0,0,12,19,3
2018-05,Aserbaidschan,425,180,149,31,219,0,11,0,2,85,121,465,87,0,11,0,2,81,90,0,0,0,0,4,26,5
2018-06,Aserbaidschan,425,166,128,38,210,0,3,0,0,86,121,451,90,0,3,0,0,78,90,0,0,0,0,8,29,2
2018-07,Aserbaidschan,425,202,144,58,193,0,6,0,5,67,115,465,116,0,6,0,1,66,89,0,0,0,4,1,20,6
2018-08,Aserbaidschan,425,207,139,68,250,0,6,0,3,112,129,457,125,0,6,0,3,102,80,0,0,0,0,10,43,6
2018-09,Aserbaidschan,425,182,131,51,183,2,6,3,1,89,82,475,150,2,6,3,1,88,55,0,0,0,0,1,24,3
2018-10,Aserbaidschan,425,241,169,72,317,2,1,0,3,153,158,481,122,2,1,0,3,143,72,0,0,0,0,10,74,12
2018-11,Aserbaidschan,425,181,146,35,295,8,11,3,6,156,111,456,110,8,11,0,6,155,68,0,0,3,0,1,34,9
2018-12,Aserbaidschan,425,127,97,30,174,1,8,1,1,108,55,448,115,1,8,1,1,105,31,0,0,0,0,3,24,0
2019-01,Aserbaidschan,425,274,214,60,205,2,5,2,0,114,82,548,131,2,5,2,0,106,42,0,0,0,0,8,32,8
2019-02,Aserbaidschan,425,150,112,38,286,0,9,8,1,164,104,467,122,0,9,3,1,153,70,0,0,5,0,11,31,3
2019-03,Aserbaidschan,425,139,73,66,243,0,13,3,2,124,101,403,140,0,12,2,2,122,52,0,1,1,0,2,38,11
2019-04,Aserbaidschan,425,182,123,59,216,1,6,0,2,136,71,405,166,1,6,0,2,132,41,0,0,0,0,4,20,10
2019-05,Aserbaidschan,425,120,85,35,260,0,7,2,1,143,107,355,122,0,7,2,1,134,37,0,0,0,0,9,56,14
2019-06,Aserbaidschan,425,110,76,34,195,3,6,0,1,87,98,305,109,3,6,0,1,80,53,0,0,0,0,7,25,20
2019-07,Aserbaidschan,425,214,156,58,124,0,1,0,1,58,64,395,136,0,1,0,1,58,30,0,0,0,0,0,27,7
2019-08,Aserbaidschan,425,136,82,54,183,0,0,0,0,80,103,392,131,0,0,0,0,73,51,0,0,0,0,7,40,12
2019-09,Aserbaidschan,425,104,80,24,188,0,1,4,0,90,93,369,108,0,1,4,0,87,47,0,0,0,0,3,27,19
2019-10,Aserbaidschan,425,130,92,38,142,0,4,1,2,63,72,364,124,0,4,1,0,55,54,0,0,0,2,8,2,16
2019-11,Aserbaidschan,425,101,78,23,127,0,0,4,3,55,65,371,108,0,0,0,1,53,31,0,0,4,2,2,29,5
