YEAR_MONTH,Herkunftsland,LS,ASYLANTRAEGE insgesamt,ASYLANTRAEGE davon Erstantraege,ASYLANTRAEGE davon Folgeantraege,ENTSCHEIDUNGEN ueber Asylantraege insgesamt,ENTSCHEIDUNGEN ueber Asylantraege Anerkennungen als Asylberechtigte (Art 16a und Familienasyl),ENTSCHEIDUNGEN ueber Asylantraege Anerkennungen als Fluechtling gem. Par. 3 I AsylG,ENTSCHEIDUNGEN ueber Asylantraege Gewaehrung von subsidiaerem Schutz gem. Par. 4 I AsylG,ENTSCHEIDUNGEN ueber Asylantraege Feststellung eines Abschiebungsverbotes gem. Par. 60 V/VII AufenthG,ENTSCHEIDUNGEN ueber Asylantraege Ablehnungen (unbegr. abgel./offens unbegr. abgel.),ENTSCHEIDUNGEN ueber Asylantraege sonstige Verfahrenserledigungen,ANHÄNGIGE VERFAHREN aufgrund von E Erstantraegen,ANHÄNGIGE VERFAHREN aufgrund von Folgeantraege,ENTSCHEIDUNGEN ueber ErErstantraege Anerkennungen als Asylberechtigte (Art. 16a und Familienasyl),ENTSCHEIDUNGEN ueber Erstantraege Anerkennungen als Fluechtling gem. Par. 3 I AsylG,ENTSCHEIDUNGEN ueber Erstantraege Gewaehrung von subsidiaerem Schutz gem. Par. 4 I AsylG,ENTSCHEIDUNGEN ueber Erstantraege Feststellung eines Abschiebungsverbotes gem. Par. 60 V/VII AufenthG,ENTSCHEIDUNGEN ueber Erstantraege Ablehnungen (unbegr. abgel./offens unbegr. abgel.),ENTSCHEIDUNGEN ueber Erstantraege formelle Verfahrenserledigungen (z.B. Ruecknahmen),ENTSCHEIDUNGEN ueber Folgeantraege Anerkennungen als Asylberechtigte (Art. 16a und Familienasyl),ENTSCHEIDUNGEN ueber Folgeantraege Anerkennungen als Fluechtling gem. Par. 3 I AsylG,ENTSCHEIDUNGEN ueber Folgeantraege Gewaehrung von subsidiaerem Schutz gem. Par. 4 I AsylG,ENTSCHEIDUNGEN üueber Folgeantraege Feststellung eines Abschiebungsverbotes gem. Par. 60 V/VII AufenthG,ENTSCHEIDUNGEN ueber Folgeantraege Ablehnungen (unbegr. abgel./offens unbegr. abgel.),ENTSCHEIDUNGEN ueber Folgeantraege kein weiteres Verfahren,ENTSCHEIDUNGEN ueber Folgeantraege formelle Verfahrenserledigungen (z.B. Ruecknahmen)
2017-01,"Syrien, Arabische Republik",475,2717,2675,42,13410,57,4415,8199,32,12,695,47930,1113,57,4327,7869,26,12,652,0,88,330,6,0,28,15
2017-02,"Syrien, Arabische Republik",475,3305,3220,85,12751,61,3919,7908,53,21,789,39959,1028,61,3881,7783,35,14,718,0,38,125,18,7,33,38
2017-03,"Syrien, Arabische Republik",475,4002,3898,104,14314,62,4447,8823,54,23,905,31428,815,62,4377,8715,51,23,769,0,70,108,3,0,97,39
2017-04,"Syrien, Arabische Republik",475,2779,2704,75,10528,63,3592,6120,48,12,693,24717,668,63,3546,6035,40,8,590,0,46,85,8,4,88,15
2017-05,"Syrien, Arabische Republik",475,3952,3888,64,10756,71,3577,6284,49,27,748,18896,525,71,3539,6220,38,16,665,0,38,64,11,11,60,23
2017-06,"Syrien, Arabische Republik",475,3217,3135,82,5695,32,2153,3007,70,7,426,17095,514,32,2122,2983,49,7,382,0,31,24,21,0,28,16
2017-07,"Syrien, Arabische Republik",475,3944,3841,103,6732,60,2325,3662,39,14,632,15183,468,60,2273,3633,31,11,588,0,52,29,8,3,35,9
2017-08,"Syrien, Arabische Republik",475,4204,4079,125,6268,67,2239,3135,49,9,769,13949,465,67,2194,3093,46,9,688,0,45,42,3,0,50,31
2017-09,"Syrien, Arabische Republik",475,3256,3121,135,5423,50,2050,2383,64,10,866,12874,453,50,2006,2360,55,9,771,0,44,23,9,1,67,28
2017-10,"Syrien, Arabische Republik",475,3473,3331,142,5220,66,2037,2173,32,2,910,12245,453,66,1968,2160,26,2,812,0,69,13,6,0,51,47
2017-11,"Syrien, Arabische Republik",475,4060,3918,142,5124,104,2005,2199,29,3,784,11872,425,104,1918,2183,14,3,668,0,87,16,15,0,61,55
2017-12,"Syrien, Arabische Republik",475,3105,3018,87,3930,44,1370,1896,35,3,582,11776,380,44,1303,1874,26,3,512,0,67,22,9,0,45,25
2018-01,"Syrien, Arabische Republik",475,2590,2450,140,4300,86,1326,2104,38,15,731,10824,354,86,1274,2086,33,10,616,0,52,18,5,5,84,31
2018-02,"Syrien, Arabische Republik",475,2329,2206,123,3181,126,916,1578,18,10,533,11879,315,126,821,1559,7,10,457,0,95,19,11,0,62,14
2018-03,"Syrien, Arabische Republik",475,2177,2039,138,4019,68,998,1578,21,13,1341,11986,291,68,958,1570,17,11,1213,0,40,8,4,2,72,56
2018-04,"Syrien, Arabische Republik",475,2768,2610,158,3603,90,1146,1483,21,3,860,13374,366,90,1083,1470,13,0,803,0,63,13,8,3,46,11
2018-05,"Syrien, Arabische Republik",475,2765,2641,124,3409,49,1380,1307,28,7,638,13608,348,49,1331,1294,16,6,535,0,49,13,12,1,88,15
2018-06,"Syrien, Arabische Republik",475,3002,2865,137,2769,27,996,1168,23,5,550,15045,408,27,975,1163,11,5,491,0,21,5,12,0,42,17
2018-07,"Syrien, Arabische Republik",475,3786,3634,152,2875,15,1001,1126,14,6,713,16866,463,15,969,1120,12,6,626,0,32,6,2,0,76,11
2018-08,"Syrien, Arabische Republik",475,3403,3222,181,3987,50,1645,1495,17,10,770,17382,487,50,1591,1495,12,6,665,0,54,0,5,4,98,7
2018-09,"Syrien, Arabische Republik",475,2844,2696,148,3986,21,2021,1383,16,2,543,17155,456,21,1890,1380,11,1,481,0,131,3,5,1,44,18
2018-10,"Syrien, Arabische Republik",475,3333,3143,190,4519,42,2337,1584,28,13,515,16816,439,42,2246,1566,14,3,422,0,91,18,14,10,78,15
2018-11,"Syrien, Arabische Republik",475,3114,2977,137,4401,39,2353,1480,10,1,518,16419,410,39,2267,1456,7,1,443,0,86,24,3,0,62,13
2018-12,"Syrien, Arabische Republik",475,2383,2229,154,3163,29,1503,1118,35,0,478,16302,446,29,1475,1114,16,0,397,0,28,4,19,0,70,11
2019-01,"Syrien, Arabische Republik",475,3647,3517,130,4661,39,2079,1880,33,8,622,16327,423,39,2016,1869,22,7,532,0,63,11,11,1,77,13
2019-02,"Syrien, Arabische Republik",475,3222,3035,187,4508,23,1891,1803,18,1,772,15787,439,23,1828,1796,9,1,646,0,63,7,9,0,82,44
2019-03,"Syrien, Arabische Republik",475,2933,2742,191,5125,39,2833,1331,244,4,674,14342,483,39,2770,1320,240,4,565,0,63,11,4,0,76,33
2019-04,"Syrien, Arabische Republik",475,2857,2707,150,2949,45,1889,420,142,1,452,14802,499,45,1826,418,140,0,373,0,63,2,2,1,71,8
2019-05,"Syrien, Arabische Republik",475,2832,2724,108,2906,33,1791,369,10,4,699,15436,525,33,1744,366,9,3,635,0,47,3,1,1,55,9
2019-06,"Syrien, Arabische Republik",475,2216,2081,135,3253,12,1577,1106,13,8,537,15071,501,12,1522,1099,8,6,432,0,55,7,5,2,90,15
2019-07,"Syrien, Arabische Republik",475,3372,3206,166,5234,37,2184,2261,21,3,728,14006,514,37,2122,2244,12,3,633,0,62,17,9,0,84,11
2019-08,"Syrien, Arabische Republik",475,2927,2799,128,4077,38,1754,1430,18,13,824,13665,479,38,1712,1417,8,7,713,0,42,13,10,6,88,23
2019-09,"Syrien, Arabische Republik",475,2793,2689,104,3370,19,1512,1197,17,5,620,13853,471,19,1487,1194,7,4,533,0,25,3,10,1,77,10
2019-10,"Syrien, Arabische Republik",475,2835,2696,139,3269,25,1491,1151,18,7,577,14025,528,25,1472,1145,12,1,503,0,19,6,6,6,66,8
2019-11,"Syrien, Arabische Republik",475,2782,2679,103,3831,27,1894,1262,17,2,629,13577,506,27,1866,1254,12,2,524,0,28,8,5,0,95,10
