YEAR_MONTH,Herkunftsland,LS,ASYLANTRAEGE insgesamt,ASYLANTRAEGE davon Erstantraege,ASYLANTRAEGE davon Folgeantraege,ENTSCHEIDUNGEN ueber Asylantraege insgesamt,ENTSCHEIDUNGEN ueber Asylantraege Anerkennungen als Asylberechtigte (Art 16a und Familienasyl),ENTSCHEIDUNGEN ueber Asylantraege Anerkennungen als Fluechtling gem. Par. 3 I AsylG,ENTSCHEIDUNGEN ueber Asylantraege Gewaehrung von subsidiaerem Schutz gem. Par. 4 I AsylG,ENTSCHEIDUNGEN ueber Asylantraege Feststellung eines Abschiebungsverbotes gem. Par. 60 V/VII AufenthG,ENTSCHEIDUNGEN ueber Asylantraege Ablehnungen (unbegr. abgel./offens unbegr. abgel.),ENTSCHEIDUNGEN ueber Asylantraege sonstige Verfahrenserledigungen,ANHÄNGIGE VERFAHREN aufgrund von E Erstantraegen,ANHÄNGIGE VERFAHREN aufgrund von Folgeantraege,ENTSCHEIDUNGEN ueber ErErstantraege Anerkennungen als Asylberechtigte (Art. 16a und Familienasyl),ENTSCHEIDUNGEN ueber Erstantraege Anerkennungen als Fluechtling gem. Par. 3 I AsylG,ENTSCHEIDUNGEN ueber Erstantraege Gewaehrung von subsidiaerem Schutz gem. Par. 4 I AsylG,ENTSCHEIDUNGEN ueber Erstantraege Feststellung eines Abschiebungsverbotes gem. Par. 60 V/VII AufenthG,ENTSCHEIDUNGEN ueber Erstantraege Ablehnungen (unbegr. abgel./offens unbegr. abgel.),ENTSCHEIDUNGEN ueber Erstantraege formelle Verfahrenserledigungen (z.B. Ruecknahmen),ENTSCHEIDUNGEN ueber Folgeantraege Anerkennungen als Asylberechtigte (Art. 16a und Familienasyl),ENTSCHEIDUNGEN ueber Folgeantraege Anerkennungen als Fluechtling gem. Par. 3 I AsylG,ENTSCHEIDUNGEN ueber Folgeantraege Gewaehrung von subsidiaerem Schutz gem. Par. 4 I AsylG,ENTSCHEIDUNGEN üueber Folgeantraege Feststellung eines Abschiebungsverbotes gem. Par. 60 V/VII AufenthG,ENTSCHEIDUNGEN ueber Folgeantraege Ablehnungen (unbegr. abgel./offens unbegr. abgel.),ENTSCHEIDUNGEN ueber Folgeantraege kein weiteres Verfahren,ENTSCHEIDUNGEN ueber Folgeantraege formelle Verfahrenserledigungen (z.B. Ruecknahmen)
2015-01,Ungeklaert,998,510,475,35,399,7,314,0,0,33,45,2780,183,7,305,0,0,33,40,0,9,0,0,0,3,2
2015-02,Ungeklaert,998,284,266,18,365,2,273,0,1,20,69,2653,191,2,253,0,1,20,66,0,20,0,0,0,2,1
2015-03,Ungeklaert,998,400,380,20,295,5,165,0,0,32,93,2734,195,2,152,0,0,31,89,3,13,0,0,1,2,2
2015-04,Ungeklaert,998,377,345,32,291,1,133,0,0,40,117,2783,207,1,117,0,0,39,101,0,16,0,0,1,10,6
2015-05,Ungeklaert,998,497,460,37,211,3,117,0,2,27,62,3032,239,3,110,0,0,27,58,0,7,0,2,0,4,0
2015-06,Ungeklaert,998,570,533,37,321,7,176,0,1,65,72,3203,276,7,169,0,0,64,67,0,7,0,1,1,4,1
2015-07,Ungeklaert,998,705,672,33,319,7,219,1,0,27,65,3567,295,7,195,1,0,27,57,0,24,0,0,0,2,6
2015-08,Ungeklaert,998,857,823,34,353,0,325,0,1,13,14,4105,286,0,277,0,1,13,10,0,48,0,0,0,4,0
2015-09,Ungeklaert,998,730,703,27,267,0,237,1,0,10,19,4594,321,0,224,1,0,10,19,0,13,0,0,0,0,0
2015-10,Ungeklaert,998,1183,1164,19,542,1,494,0,0,34,13,5415,319,1,442,0,0,33,12,0,52,0,0,1,1,0
2015-11,Ungeklaert,998,1618,1601,17,296,1,244,2,8,20,21,6914,329,1,232,2,7,20,19,0,12,0,1,0,2,0
2015-12,Ungeklaert,998,3349,3338,11,614,1,552,1,0,36,24,10589,339,1,532,1,0,36,17,0,20,0,0,0,6,1
2016-01,Ungeklaert,998,2826,2799,27,1574,0,1532,1,0,18,23,12397,331,0,1499,1,0,17,21,0,33,0,0,1,2,0
2016-02,Ungeklaert,998,3397,3358,39,1123,6,1038,4,2,38,35,15306,353,3,1029,4,1,38,26,3,9,0,1,0,2,7
2016-03,Ungeklaert,998,1884,1869,15,791,1,661,27,4,40,58,16946,349,1,639,27,4,40,56,0,22,0,0,0,2,0
2016-04,Ungeklaert,998,1319,1299,20,629,0,394,102,2,36,95,17885,360,0,382,102,2,36,89,0,12,0,0,0,3,3
2016-05,Ungeklaert,998,1091,1077,14,484,4,269,110,1,31,69,18551,363,4,266,108,1,30,66,0,3,2,0,1,2,1
2016-06,Ungeklaert,998,1217,1211,6,1262,8,716,361,11,54,112,18324,350,8,707,356,11,54,105,0,9,5,0,0,1,6
2016-07,Ungeklaert,998,1292,1283,9,1034,0,352,508,5,52,117,18396,336,0,339,500,5,52,112,0,13,8,0,0,3,2
2016-08,Ungeklaert,998,1687,1678,9,1313,0,319,830,2,73,89,18322,332,0,316,822,2,72,86,0,3,8,0,1,1,2
2016-09,Ungeklaert,998,1252,1235,17,2031,0,359,1429,16,77,150,16628,338,0,355,1421,16,76,139,0,4,8,0,1,7,4
2016-10,Ungeklaert,998,488,483,5,1676,1,372,1065,8,101,129,14231,376,1,363,1060,8,99,120,0,9,5,0,2,5,4
2016-11,Ungeklaert,998,527,507,20,2024,3,438,1061,36,295,191,11655,379,3,437,1039,30,293,169,0,1,22,6,2,9,13
2016-12,Ungeklaert,998,484,467,17,1526,3,304,596,29,377,217,10223,363,3,293,586,26,372,205,0,11,10,3,5,2,10
2017-01,Ungeklaert,998,307,295,12,1219,3,265,403,11,273,264,9001,334,3,262,398,10,263,241,0,3,5,1,10,14,9
2017-02,Ungeklaert,998,313,293,20,1265,6,253,428,17,289,272,7860,295,6,250,427,14,283,246,0,3,1,3,6,17,9
2017-03,Ungeklaert,998,490,461,29,1321,4,295,434,28,341,219,6779,283,4,292,430,28,336,184,0,3,4,0,5,22,13
2017-04,Ungeklaert,998,374,346,28,1026,6,273,260,40,269,178,6062,266,6,267,259,38,257,154,0,6,1,2,12,16,8
2017-05,Ungeklaert,998,377,357,20,1897,1,458,490,109,564,275,4300,222,1,455,486,107,553,244,0,3,4,2,11,17,14
2017-06,Ungeklaert,998,327,314,13,644,2,167,121,25,176,153,3823,202,2,163,119,25,170,122,0,4,2,0,6,21,10
2017-07,Ungeklaert,998,477,445,32,709,6,163,162,16,219,143,3541,202,6,160,161,15,211,106,0,3,1,1,8,21,16
2017-08,Ungeklaert,998,430,394,36,798,9,162,149,29,270,179,3159,191,9,158,146,29,259,139,0,4,3,0,11,22,18
2017-09,Ungeklaert,998,455,417,38,634,7,132,90,39,174,192,2907,193,7,130,85,38,171,150,0,2,5,1,3,24,18
2017-10,Ungeklaert,998,362,340,22,623,9,132,59,20,214,189,2626,172,9,131,56,18,213,149,0,1,3,2,1,24,16
2017-11,Ungeklaert,998,469,433,36,735,7,171,69,36,264,188,2456,159,7,166,66,27,255,150,0,5,3,9,9,28,10
2017-12,Ungeklaert,998,333,294,39,645,5,111,49,19,309,152,2161,151,5,110,45,18,293,118,0,1,4,1,16,21,13
2018-01,Ungeklaert,998,349,299,50,669,9,129,63,28,293,147,1775,136,9,114,59,25,290,115,0,15,4,3,3,26,6
2018-02,Ungeklaert,998,284,248,36,478,6,88,44,15,197,128,1723,127,6,78,44,14,195,103,0,10,0,1,2,21,4
2018-03,Ungeklaert,998,358,315,43,557,6,99,36,18,230,168,1688,111,6,94,35,10,212,122,0,5,1,8,18,30,16
