YEAR_MONTH,Herkunftsland,LS,ASYLANTRAEGE insgesamt,ASYLANTRAEGE davon Erstantraege,ASYLANTRAEGE davon Folgeantraege,ENTSCHEIDUNGEN ueber Asylantraege insgesamt,ENTSCHEIDUNGEN ueber Asylantraege Anerkennungen als Asylberechtigte (Art 16a und Familienasyl),ENTSCHEIDUNGEN ueber Asylantraege Anerkennungen als Fluechtling gem. Par. 3 I AsylG,ENTSCHEIDUNGEN ueber Asylantraege Gewaehrung von subsidiaerem Schutz gem. Par. 4 I AsylG,ENTSCHEIDUNGEN ueber Asylantraege Feststellung eines Abschiebungsverbotes gem. Par. 60 V/VII AufenthG,ENTSCHEIDUNGEN ueber Asylantraege Ablehnungen (unbegr. abgel./offens unbegr. abgel.),ENTSCHEIDUNGEN ueber Asylantraege sonstige Verfahrenserledigungen,ANHÄNGIGE VERFAHREN aufgrund von E Erstantraegen,ANHÄNGIGE VERFAHREN aufgrund von Folgeantraege,ENTSCHEIDUNGEN ueber ErErstantraege Anerkennungen als Asylberechtigte (Art. 16a und Familienasyl),ENTSCHEIDUNGEN ueber Erstantraege Anerkennungen als Fluechtling gem. Par. 3 I AsylG,ENTSCHEIDUNGEN ueber Erstantraege Gewaehrung von subsidiaerem Schutz gem. Par. 4 I AsylG,ENTSCHEIDUNGEN ueber Erstantraege Feststellung eines Abschiebungsverbotes gem. Par. 60 V/VII AufenthG,ENTSCHEIDUNGEN ueber Erstantraege Ablehnungen (unbegr. abgel./offens unbegr. abgel.),ENTSCHEIDUNGEN ueber Erstantraege formelle Verfahrenserledigungen (z.B. Ruecknahmen),ENTSCHEIDUNGEN ueber Folgeantraege Anerkennungen als Asylberechtigte (Art. 16a und Familienasyl),ENTSCHEIDUNGEN ueber Folgeantraege Anerkennungen als Fluechtling gem. Par. 3 I AsylG,ENTSCHEIDUNGEN ueber Folgeantraege Gewaehrung von subsidiaerem Schutz gem. Par. 4 I AsylG,ENTSCHEIDUNGEN üueber Folgeantraege Feststellung eines Abschiebungsverbotes gem. Par. 60 V/VII AufenthG,ENTSCHEIDUNGEN ueber Folgeantraege Ablehnungen (unbegr. abgel./offens unbegr. abgel.),ENTSCHEIDUNGEN ueber Folgeantraege kein weiteres Verfahren,ENTSCHEIDUNGEN ueber Folgeantraege formelle Verfahrenserledigungen (z.B. Ruecknahmen)
201701,Albanien,121,5788,3577,2211,9548,0,11,33,89,6036,3379,391,173,0,10,33,79,5795,955,0,1,0,10,241,2191,233
201701,Bosnien und Herzegowina,122,1309,665,644,2159,0,1,5,24,1124,1005,82,31,0,1,4,15,988,194,0,0,1,9,136,698,113
201701,Belgien,124,0,0,0,1,0,0,0,0,0,1,2,0,0,0,0,0,0,1,0,0,0,0,0,0,0
201701,Bulgarien,125,5,5,0,24,0,0,0,0,20,4,3,0,0,0,0,0,20,2,0,0,0,0,0,0,2
201701,Daenemark u. Faeroeer,126,1,1,0,1,0,0,0,0,1,0,0,0,0,0,0,0,1,0,0,0,0,0,0,0,0
201701,Estland,127,0,0,0,2,0,0,0,0,1,1,0,0,0,0,0,0,1,1,0,0,0,0,0,0,0
201701,Frankreich,129,1,1,0,6,0,1,0,0,3,2,0,0,0,1,0,0,3,2,0,0,0,0,0,0,0
201701,Kroatien,130,6,6,0,21,0,0,0,0,16,5,1,1,0,0,0,0,15,1,0,0,0,0,1,0,4
201701,Slowenien,131,0,0,0,1,0,0,0,0,0,1,1,0,0,0,0,0,0,0,0,0,0,0,0,1,0
201701,Griechenland,134,4,4,0,18,0,1,0,0,4,13,2,0,0,1,0,0,4,12,0,0,0,0,0,1,0
201701,Irland,135,1,1,0,1,0,0,0,0,1,0,0,0,0,0,0,0,1,0,0,0,0,0,0,0,0
201701,Italien,137,5,5,0,19,0,0,0,1,12,6,19,0,0,0,0,1,12,6,0,0,0,0,0,0,0
201701,Lettland,139,2,2,0,8,0,0,0,0,6,2,5,0,0,0,0,0,5,2,0,0,0,0,1,0,0
201701,Montenegro,140,663,322,341,979,0,2,4,3,555,415,22,24,0,2,1,1,513,77,0,0,3,2,42,318,20
201701,Litauen,142,3,2,1,4,0,0,0,0,2,2,0,0,0,0,0,0,2,1,0,0,0,0,0,1,0
201701,Mazedonien,144,4443,2317,2126,6705,0,6,12,32,3773,2882,247,175,0,6,11,20,3224,498,0,0,1,12,549,2053,331
201701,Moldau (Republik),146,919,786,133,1264,3,12,6,6,981,256,80,4,3,12,5,5,958,160,0,0,1,1,23,87,9
201701,Niederlande,148,4,4,0,9,0,2,0,0,4,3,5,0,0,2,0,0,3,3,0,0,0,0,1,0,0
201701,Norwegen,149,1,1,0,0,0,0,0,0,0,0,1,0,0,0,0,0,0,0,0,0,0,0,0,0,0
201701,Kosovo,150,2276,1242,1034,4831,0,0,13,100,2946,1772,200,77,0,0,9,77,2638,517,0,0,4,23,308,1114,141
201701,Oesterreich,151,0,0,0,1,0,0,0,0,0,1,1,0,0,0,0,0,0,1,0,0,0,0,0,0,0
201701,Polen,152,7,3,4,23,0,0,0,0,17,6,1,0,0,0,0,0,17,2,0,0,0,0,0,4,0
201701,Portugal,153,3,3,0,7,0,1,0,0,1,5,1,0,0,1,0,0,1,5,0,0,0,0,0,0,0
201701,Rumaenien,154,4,4,0,34,0,1,1,0,16,16,2,0,0,1,1,0,16,13,0,0,0,0,0,0,3
201701,Slowakische Republik,155,1,1,0,2,0,0,0,0,0,2,1,0,0,0,0,0,0,2,0,0,0,0,0,0,0
201701,Schweden,157,2,1,1,2,0,0,0,0,1,1,0,0,0,0,0,0,0,1,0,0,0,0,1,0,0
201701,Schweiz,158,1,1,0,1,0,0,0,0,1,0,0,0,0,0,0,0,1,0,0,0,0,0,0,0,0
201701,Russische Foederation,160,5920,4627,1293,16548,171,572,413,354,9290,5748,1724,419,171,502,348,269,8573,3815,0,70,65,85,717,597,1336
201701,Spanien,161,4,4,0,34,0,0,1,0,14,19,16,0,0,0,1,0,14,19,0,0,0,0,0,0,0
201701,Tuerkei,163,7952,7522,430,11712,898,2034,134,98,6596,1952,3586,243,895,2006,127,87,6236,1559,3,28,7,11,360,238,155
201701,Tschechische Republik,164,0,0,0,8,0,0,0,0,1,7,0,0,0,0,0,0,1,1,0,0,0,0,0,5,1
201701,Ungarn,165,2,1,1,6,0,1,0,0,3,2,4,2,0,1,0,0,2,1,0,0,0,0,1,0,1
201701,Ukraine,166,1216,999,217,5644,5,106,54,134,4050,1295,489,32,5,104,54,129,3958,1031,0,2,0,5,92,114,150
201701,Grossbritannien mit Nordirland,168,4,4,0,11,0,0,0,0,8,3,2,0,0,0,0,0,8,3,0,0,0,0,0,0,0
201701,Weissrussland,169,338,283,55,731,0,19,9,4,311,388,35,14,0,19,9,4,304,316,0,0,0,0,7,23,49
201701,Serbien,170,4585,2211,2374,7554,0,7,8,36,3951,3552,308,252,0,7,7,27,3390,587,0,0,1,9,561,2635,330
201701,Britisch abh.Geb.Europa,195,0,0,0,1,0,0,0,0,1,0,0,0,0,0,0,0,1,0,0,0,0,0,0,0,0
201701,sonst. europ. Staatsangeh.,199,1,1,0,4,0,0,0,0,2,2,1,1,0,0,0,0,2,1,0,0,0,0,0,1,0
201701,Algerien,221,2179,1809,370,3591,1,31,42,43,1750,1724,450,85,1,30,42,39,1661,1349,0,1,0,4,89,258,117
201701,Angola,223,226,222,4,389,1,24,8,95,121,140,79,4,1,24,8,94,121,134,0,0,0,1,0,3,3
201701,Eritrea,224,9723,9394,329,20955,571,9050,6983,690,418,3243,1988,93,570,8992,6950,569,415,2954,1,58,33,121,3,65,224
201701,Aethiopien,225,1712,1538,174,8597,15,1010,184,624,5630,1134,618,39,15,996,184,600,5590,906,0,14,0,24,40,112,116
201701,Botsuana,227,1,1,0,4,0,2,0,1,1,0,1,0,0,2,0,1,1,0,0,0,0,0,0,0,0
201701,Benin,229,172,160,12,607,0,7,4,20,458,118,57,2,0,7,4,20,449,97,0,0,0,0,9,12,9
201701,Dschibuti,230,12,9,3,36,2,11,0,2,8,13,2,0,2,11,0,2,8,9,0,0,0,0,0,0,4
201701,Elfenbeinkueste (Cote d Ivoire),231,1294,1261,33,2501,2,71,22,114,1105,1187,408,27,2,71,22,112,1093,1151,0,0,0,2,12,13,23
201701,Nigeria,232,7523,7122,401,22110,36,1401,247,1995,12136,6295,4331,333,36,1377,245,1891,12017,5716,0,24,2,104,119,177,402
201701,Simbabwe,233,176,174,2,344,61,36,8,5,191,43,42,2,61,36,8,5,191,41,0,0,0,0,0,0,2
201701,Gabun,236,20,20,0,28,0,1,0,0,20,7,18,0,0,1,0,0,19,7,0,0,0,0,1,0,0
201701,Gambia,237,2562,2444,118,8965,5,196,40,156,5460,3108,2714,174,5,196,40,149,5387,2872,0,0,0,7,73,71,165
201701,Ghana,238,1064,975,89,3453,0,35,16,123,2476,803,310,35,0,35,16,117,2441,723,0,0,0,6,35,55,25
201701,Mauretanien,239,60,52,8,151,0,16,2,1,85,47,28,2,0,15,2,1,82,36,0,1,0,0,3,2,9
201701,Cabo Verde,242,0,0,0,1,0,0,0,0,0,1,1,0,0,0,0,0,0,1,0,0,0,0,0,0,0
201701,Kenia,243,239,228,11,377,1,7,1,5,268,95,72,1,1,7,1,5,264,78,0,0,0,0,4,11,6
201701,Komoren,244,1,1,0,9,0,0,0,0,7,2,11,0,0,0,0,0,7,2,0,0,0,0,0,0,0
201701,Kongo,245,56,51,5,162,4,18,9,9,68,54,24,1,4,17,9,9,67,46,0,1,0,0,1,6,2
201701,"Kongo, Dem. Republik",246,371,339,32,983,29,125,37,140,443,209,124,17,29,125,37,123,422,154,0,0,0,17,21,27,28
201701,Liberia,247,189,182,7,237,0,11,1,6,83,136,125,8,0,11,1,6,80,130,0,0,0,0,3,0,6
201701,Libyen,248,1169,1096,73,1813,51,265,155,118,518,706,442,32,48,244,154,108,506,643,3,21,1,10,12,24,39
201701,Madagaskar,249,6,3,3,6,0,0,0,0,3,3,0,0,0,0,0,0,3,0,0,0,0,0,0,0,3
201701,Mali,251,567,522,45,1835,1,52,15,61,997,709,173,14,1,51,15,59,981,637,0,1,0,2,16,20,52
201701,Marokko,252,2208,1819,389,3697,2,82,62,70,1905,1576,389,67,2,78,62,62,1832,1212,0,4,0,8,73,271,93
201701,Mauritius,253,2,2,0,5,0,0,0,0,3,2,1,0,0,0,0,0,3,1,0,0,0,0,0,0,1
201701,Mosambik,254,12,12,0,7,0,0,0,1,2,4,15,0,0,0,0,1,2,4,0,0,0,0,0,0,0
201701,Niger,255,139,118,21,299,0,4,1,4,174,116,31,3,0,4,1,3,166,97,0,0,0,1,8,4,15
201701,Malawi,256,5,3,2,3,0,0,0,1,2,0,2,1,0,0,0,0,2,0,0,0,0,1,0,0,0
201701,Sambia,257,6,6,0,7,0,0,0,0,6,1,8,0,0,0,0,0,6,1,0,0,0,0,0,0,0
201701,Burkina-Faso,258,198,184,14,489,2,6,6,13,317,145,50,3,2,6,6,13,311,125,0,0,0,0,6,8,12
201701,Guinea-Bissau,259,246,216,30,630,0,3,3,38,322,264,67,5,0,3,3,34,314,215,0,0,0,4,8,22,27
201701,Guinea,261,3856,3736,120,7221,23,538,166,428,3099,2967,1197,65,23,529,165,407,3050,2726,0,9,1,21,49,83,158
201701,Kamerun,262,1051,1022,29,2658,2,59,35,86,1586,890,677,28,2,58,35,85,1564,811,0,1,0,1,22,29,50
201701,Suedafrika,263,4,4,0,22,0,0,0,0,18,4,4,0,0,0,0,0,18,4,0,0,0,0,0,0,0
201701,Ruanda,265,45,44,1,47,6,8,0,3,21,9,104,0,6,7,0,3,21,6,0,1,0,0,0,2,1
201701,Namibia,267,3,2,1,2,0,0,0,0,1,1,1,0,0,0,0,0,1,0,0,0,0,0,0,1,0
201701,Sao Tome  und Principe,268,0,0,0,1,0,0,0,0,0,1,0,0,0,0,0,0,0,0,0,0,0,0,0,0,1
201701,Senegal,269,356,261,95,1571,1,32,4,41,960,533,109,22,1,32,4,38,917,385,0,0,0,3,43,95,53
201701,Sierra Leone,272,855,819,36,1873,1,142,16,166,939,609,229,24,1,142,16,162,914,542,0,0,0,4,25,26,41
201701,Somalia,273,7033,6357,676,17887,18,4664,4191,2080,2226,4708,3136,300,18,4586,4134,1850,2173,3966,0,78,57,230,53,194,548
201701,Aequatorialguinea,274,6,6,0,21,0,5,1,2,7,6,2,0,0,5,1,2,6,4,0,0,0,0,1,1,1
201701,Sudan (ohne Suedsudan),277,1529,1388,141,3326,26,590,508,63,700,1439,881,84,26,585,501,55,686,1294,0,5,7,8,14,30,115
201701,Suedsudan,278,59,58,1,100,7,9,10,3,19,52,55,6,7,9,10,3,18,49,0,0,0,0,1,1,2
201701,Tansania,282,73,69,4,173,0,23,1,16,70,63,30,7,0,23,1,11,70,38,0,0,0,5,0,5,20
201701,Togo,283,332,318,14,742,1,23,2,30,432,254,342,26,1,23,2,26,426,235,0,0,0,4,6,8,11
201701,Tschad,284,138,117,21,288,0,13,0,14,119,142,35,7,0,13,0,9,115,110,0,0,0,5,4,14,18
201701,Tunesien,285,499,389,110,992,1,11,16,4,494,466,144,17,1,10,15,4,471,317,0,1,1,0,23,87,62
201701,Uganda,286,107,97,10,318,9,33,1,10,216,49,45,8,9,31,1,9,212,37,0,2,0,1,4,5,7
201701,Aegypten,287,1015,907,108,2723,54,294,72,67,1580,656,333,35,54,283,69,61,1552,528,0,11,3,6,28,71,57
201701,Zentralafrikanische Republik,289,44,43,1,104,1,10,13,4,44,32,25,2,1,10,13,4,44,25,0,0,0,0,0,1,6
201701,Burundi,291,23,23,0,43,8,11,7,0,10,7,26,2,8,10,6,0,10,5,0,1,1,0,0,1,1
201701,sonst. afrik. Staatsangeh.,299,31,26,5,337,0,15,27,23,226,46,28,3,0,15,27,21,218,28,0,0,0,2,8,8,10
201701,Argentinien,323,0,0,0,3,0,0,0,1,2,0,0,2,0,0,0,1,1,0,0,0,0,0,1,0,0
201701,Brasilien,327,11,11,0,33,0,0,0,1,29,3,3,0,0,0,0,1,29,3,0,0,0,0,0,0,0
201701,Chile,332,2,2,0,3,0,0,0,0,2,1,0,0,0,0,0,0,2,1,0,0,0,0,0,0,0
201701,Costa Rica,334,1,1,0,2,0,0,0,0,1,1,0,0,0,0,0,0,1,1,0,0,0,0,0,0,0
201701,Dominikanische Republik,335,3,2,1,9,0,0,0,0,5,4,4,0,0,0,0,0,5,3,0,0,0,0,0,1,0
201701,Ecuador,336,0,0,0,1,0,0,0,0,1,0,0,0,0,0,0,0,1,0,0,0,0,0,0,0,0
201701,El Salvador,337,34,34,0,41,0,0,3,1,28,9,13,0,0,0,3,1,28,9,0,0,0,0,0,0,0
201701,Guatemala,345,3,3,0,9,0,1,0,0,7,1,0,0,0,1,0,0,7,1,0,0,0,0,0,0,0
201701,Haiti,346,3,3,0,9,0,0,0,1,7,1,5,0,0,0,0,1,7,1,0,0,0,0,0,0,0
201701,Honduras,347,21,21,0,28,8,0,6,0,10,4,2,0,8,0,5,0,10,3,0,0,1,0,0,1,0
201701,Kanada,348,2,2,0,5,0,0,0,1,4,0,0,0,0,0,0,1,4,0,0,0,0,0,0,0,0
201701,Kolumbien,349,51,50,1,69,1,1,0,1,50,16,45,0,1,1,0,1,49,14,0,0,0,0,1,0,2
201701,Kuba,351,51,44,7,227,0,0,0,2,170,55,9,1,0,0,0,2,169,44,0,0,0,0,1,5,6
201701,Mexico,353,6,6,0,10,0,1,1,0,5,3,1,0,0,1,1,0,5,2,0,0,0,0,0,1,0
201701,Nicaragua,354,1,1,0,3,0,0,0,0,3,0,1,0,0,0,0,0,3,0,0,0,0,0,0,0,0
201701,Jamaica,355,100,98,2,135,11,34,0,0,78,12,7,1,11,33,0,0,78,10,0,1,0,0,0,1,1
201701,Paraguay,359,0,0,0,2,0,0,0,0,2,0,3,0,0,0,0,0,2,0,0,0,0,0,0,0,0
201701,Peru,361,6,6,0,12,1,0,0,0,4,7,2,1,1,0,0,0,4,7,0,0,0,0,0,0,0
201701,Suriname,364,0,0,0,2,0,0,0,2,0,0,0,0,0,0,0,2,0,0,0,0,0,0,0,0,0
201701,Uruguay,365,0,0,0,1,0,0,0,0,0,1,3,0,0,0,0,0,0,1,0,0,0,0,0,0,0
201701,Venezuela,367,194,191,3,209,7,45,3,24,121,9,70,0,7,45,3,24,121,5,0,0,0,0,0,4,0
201701,Vereinigte Staaten v. Amerika,368,20,19,1,26,0,2,2,1,13,8,17,0,0,2,2,1,12,6,0,0,0,0,1,2,0
201701,Trinidad und Tobago,371,1,1,0,2,0,1,0,0,1,0,1,0,0,1,0,0,1,0,0,0,0,0,0,0,0
201701,China (Hongkong),411,3,3,0,1,0,0,0,0,0,1,3,0,0,0,0,0,0,1,0,0,0,0,0,0,0
201701,Jemen,421,517,510,7,1022,33,133,674,11,13,158,242,10,33,133,653,6,12,146,0,0,21,5,1,3,9
201701,Armenien,422,3578,3254,324,9523,11,170,181,438,6824,1899,1296,173,11,166,172,416,6617,1506,0,4,9,22,207,216,177
201701,Afghanistan,423,17206,15521,1685,112109,100,17382,6735,25579,55050,7263,9376,528,99,17180,6664,25102,54676,5694,1,202,71,477,374,938,631
201701,Bahrain,424,14,14,0,27,4,10,4,0,6,3,8,0,4,10,4,0,6,3,0,0,0,0,0,0,0
201701,Aserbaidschan,425,3220,2875,345,6896,62,522,173,163,4140,1836,1266,140,61,506,172,144,3958,1515,1,16,1,19,182,243,78
201701,Bhutan,426,1,1,0,4,0,0,0,0,3,1,4,3,0,0,0,0,3,1,0,0,0,0,0,0,0
201701,Myanmar,427,102,98,4,255,3,128,33,6,46,39,52,2,3,125,33,4,46,36,0,3,0,2,0,1,2
201701,Georgien,430,2930,2587,343,5905,3,14,27,76,3957,1828,858,83,3,13,24,69,3790,1272,0,1,3,7,167,312,244
201701,Sri Lanka,431,527,461,66,1286,6,124,15,30,743,368,474,84,6,122,15,29,724,208,0,2,0,1,19,119,41
201701,Vietnam,432,550,494,56,907,1,14,1,15,610,266,62,19,1,14,1,13,583,213,0,0,0,2,27,34,19
201701,Korea (Demokrat. Volksrepubl.),434,12,12,0,79,0,2,0,0,37,40,46,1,0,2,0,0,36,39,0,0,0,0,1,1,0
201701,Indien,436,1349,1249,100,3620,1,38,14,39,2685,843,277,28,1,37,12,39,2656,722,0,1,2,0,29,90,31
201701,Indonesien,437,8,8,0,12,0,0,0,0,8,4,6,0,0,0,0,0,8,4,0,0,0,0,0,0,0
201701,Irak,438,21861,20327,1534,69487,327,23618,13749,1579,21517,8697,6662,508,324,23316,13494,1411,21126,7240,3,302,255,168,391,676,781
201701,"Iran, Islamische Republik",439,8642,8127,515,29432,526,13212,633,325,10868,3868,3399,216,520,12974,628,265,10673,3419,6,238,5,60,195,292,157
201701,Israel,441,7,6,1,39,0,0,4,0,24,11,15,2,0,0,4,0,24,6,0,0,0,0,0,0,5
201701,Japan,442,0,0,0,1,0,0,0,0,0,1,0,0,0,0,0,0,0,0,0,0,0,0,0,1,0
201701,Kasachstan,444,136,81,55,286,0,8,0,3,164,111,16,3,0,7,0,3,148,43,0,1,0,0,16,36,32
201701,Jordanien,445,217,199,18,487,4,42,61,20,241,119,89,14,4,40,58,20,228,99,0,2,3,0,13,9,11
201701,Kambodscha,446,11,10,1,20,0,1,0,4,12,3,9,0,0,1,0,4,11,3,0,0,0,0,1,0,0
201701,Katar,447,1,1,0,0,0,0,0,0,0,0,1,0,0,0,0,0,0,0,0,0,0,0,0,0,0
201701,Kuwait,448,32,30,2,51,0,3,2,0,17,29,9,1,0,3,2,0,17,25,0,0,0,0,0,0,4
201701,"Laos, Demokratische Volksrepublik",449,0,0,0,0,0,0,0,0,0,0,1,0,0,0,0,0,0,0,0,0,0,0,0,0,0
201701,Kirgisistan,450,111,96,15,212,7,15,6,11,103,70,107,18,7,11,4,11,100,65,0,4,2,0,3,3,2
201701,Libanon,451,1262,1106,156,4287,2,143,247,86,3038,771,432,64,2,134,244,81,2879,638,0,9,3,5,159,89,44
201701,Oman,456,8,8,0,12,1,3,1,1,6,0,0,0,1,3,1,1,6,0,0,0,0,0,0,0,0
201701,Mongolei,457,347,299,48,1263,0,3,37,34,784,405,131,18,0,3,35,34,770,303,0,0,2,0,14,38,64
201701,Nepal,458,38,35,3,125,1,2,0,2,93,27,57,4,1,2,0,1,91,24,0,0,0,1,2,2,1
201701,Staatsangehoerigkeit ohne Bezeichnung,459,118,111,7,373,4,59,53,21,197,39,108,3,4,58,53,21,196,31,0,1,0,0,1,2,6
201701,Bangladesch,460,515,410,105,3136,10,210,26,63,2166,661,272,47,10,206,26,57,2142,524,0,4,0,6,24,114,23
201701,Pakistan,461,4153,3511,642,19915,30,448,93,280,14552,4512,1132,208,30,436,91,258,14262,3534,0,12,2,22,290,542,436
201701,Philippinen,462,24,24,0,33,0,2,5,0,19,7,27,0,0,2,5,0,19,6,0,0,0,0,0,0,1
201701,China (Taiwan),465,3,3,0,7,0,0,0,0,5,2,3,1,0,0,0,0,5,2,0,0,0,0,0,0,0
201701,Korea (Republik),467,3,3,0,20,0,1,0,0,7,12,8,0,0,1,0,0,7,12,0,0,0,0,0,0,0
201701,Vereinigte arabische Emirate,469,4,4,0,12,1,5,1,0,4,1,1,0,1,5,1,0,4,1,0,0,0,0,0,0,0
201701,Tadschikistan,470,1166,1106,60,2604,5,257,85,51,1324,882,502,28,5,256,84,46,1307,822,0,1,1,5,17,25,35
201701,Turkmenistan,471,109,94,15,240,0,5,7,8,147,73,70,8,0,4,7,8,143,68,0,1,0,0,4,3,2
201701,Saudi Arabien,472,68,68,0,62,21,9,3,0,16,13,27,0,21,9,3,0,16,13,0,0,0,0,0,0,0
201701,"Syrien, Arabische Republik",475,46759,45427,1332,95642,695,32773,53798,498,130,7748,11872,425,695,32161,52976,394,104,6844,0,612,822,104,26,606,298
201701,Thailand,476,6,6,0,9,0,0,0,1,3,5,2,0,0,0,0,1,3,5,0,0,0,0,0,0,0
201701,Usbekistan,477,53,53,0,97,4,13,0,12,43,25,67,1,4,11,0,12,43,22,0,2,0,0,0,0,3
201701,China,479,566,497,69,1891,65,129,25,18,1112,542,167,21,65,123,24,16,1090,477,0,6,1,2,22,47,18
201701,Malaysia,482,17,17,0,17,1,3,0,0,11,2,7,0,1,3,0,0,11,2,0,0,0,0,0,0,0
201701,sonst. asiat. Staatsangeh.,499,142,114,28,1671,2,331,540,21,591,186,168,13,2,325,520,19,581,113,0,6,20,2,10,40,33
201701,Australien,523,0,0,0,2,0,0,0,0,1,1,0,0,0,0,0,0,1,1,0,0,0,0,0,0,0
201701,Staatenlos,997,1381,1318,63,3634,30,1303,1101,71,695,434,546,29,30,1278,1088,69,687,370,0,25,13,2,8,32,32
201701,Ungeklaert,998,4160,3828,332,10699,59,2459,2659,369,3025,2128,2456,159,59,2422,2627,348,2945,1764,0,37,32,21,80,223,141
201701,ohne Angabe,999,42,40,2,78,0,15,4,3,36,20,26,0,0,15,4,3,32,16,0,0,0,0,4,1,3
